13
3 4
1 2 -1 -1
2 2 1 1
3 5 -2 -1
4 4
1 -2 -1 1
2 -3 1 6
3 -5 0 7
1 0 5 9
4 5
1 2 0 2 6
3 5 -1 6 17
2 4 1 2 12
2 0 -7 11 7
3 4
2 -4 -1 1
1 -3 1 1
3 -5 -3 2
3 4
1 2 -2 3
3 -1 1 1
-1 5 -5 5
3 4
2 -4 6 8
1 -1 1 -1
1 -3 4 0
4 5
4 -2 4 2 1
6 -3 0 -5 3
8 -4 28 -44 11
-8 4 -4 12 -5
4 4
1 -2 3 -3
2 2 0 0
0 -3 4 1
1 0 1 -1
4 4
3 -3 3 -3
-1 -5 2 4
0 -4 2 2
3 -1 2 -4
2 5
1 -1 1 -3 0
2 -1 4 -2 0
3 5
2 -3 4 -1 0
6 1 -8 9 0
2 6 1 -1 0
3 4
1 6 4 0
2 4 -1 0
-1 2 5 0
4 5
1 1 1 1 1
1 2 3 4 2
1 3 6 10 3
1 4 10 20 4